-1.293671191430273870e+00
-3.408889302723934200e+00
-2.352188284983030453e+00
-2.093392334301066970e+00
-4.005020316554223747e+00
-2.434413990818539819e+00
-4.280490327786288240e-01
-1.406715789950700124e+00
-4.861060721430101039e-01
1.099502723148590988e+00
5.192646991735963002e-01
-7.780944780177230236e-01
-8.332553124839943148e-01
1.634056894412521332e+00
1.749797740704460480e+00
1.025596728025203186e+00
4.049072609434261949e+00
1.246879056788213346e-04
1.675552913271461275e+00
1.812939746127414153e+00
8.244956498796996991e-01
-1.762577705327483812e+00
1.178642466681156797e+00
-1.746300761664048906e+00
1.064014830172979043e+00
-4.110690626210953269e-01
-1.355158743273640054e+00
-1.216081676272392720e+00
-6.239680736587168708e-01
-1.534648128282975366e+00
1.625854285365436469e-01
-5.982644803164401948e-01
1.239070500759125310e-01
-4.156904986692144255e-01
-7.232806723566106433e-01
-3.204892135052310742e+00
2.553565441659675916e-01
-4.162878233332818478e-01
1.555882613077763654e+00
5.683068851987496117e-01
6.160980996604020592e-03
4.799992267509451960e-01
2.802397269092766319e+00
4.275631522410767993e-02
6.880305043933437892e-02
6.427741196816867675e-02
8.258019645177640602e-03
3.350616473246972871e-02
